174
788
1743
1909
1049
1535
889
1800
916
704
886
1847
1016
643
1480
1447
228
492
926
1808
22
1564
1101
846
1002
1978
857
1380
1590
856
679
1412
413
1400
698
327
968
1162
1139
1815
111
815
1250
1317
945
1746
1786
836
1665
1769
1105
894
922
1287
1938
468
1265
1207
902
711
1234
915
1807
1267
1658
1640
836
1001
719
1499
637
1950
1352
1556
1417
307
1538
1188
80
1253
1054
88
1476
1456
1245
1201
833
30
1371
1924
1422
1789
110
1863
522
1600
1753
475
1754
1635
1686
897
831
357
687
1284
812
1037
631
1960
1887
615
1144
1697
1793
730
1779
1436
1893
1712
1275
769
1002
1368
459
1472
8
1360
354
1435
1362
998
64
1268
485
1250
1976
921
1174
792
874
615
50
901
499
1407
123
1015
127
1687
535
1760
742
943
534
1260
1336
1077
761
1557
931
613
1884
921
861
87
1673
905
891
1948
555
1917
1729
1269
721
151
1493
591
846
1673
704
1210
1490
480
1351
210
1229
345
611
1574
590
1262
765
663
1856
296
1899
393
1782
1659
917
412
1318
1821
1468
1599
1364
471
316
1186
653
1129
736
823
803
243
494
898
604
562
962
1423
617
1612
951
803
125
1079
1810
784
1512
1913
1352
920
139
976
1179
848
758
26
967
1691
550
868
264
908
1828
1480
1373
1894
494
913
1882
647
1277
1805
396
812
1852
288
41
1424
875
132
1304
643
8
915
760
1817
994
1046
1259
1165
1851
1442
138
1409
1235
686
1005
652
1042
1464
1677
828
314
1099
1817
1033
511
3
850
38
1196
840
1698
1314
225
234
923
873
1474
1821
819
1234
189
460
24
1832
1004
419
219
1184
706
1341
1464
1115
790
820
1749
370
1887
1368
1307
1913
1112
627
1267
1227
404
592
1192
1943
913
707
1083
82
1503
599
398
1246
429
1297
1655
68
257
735
1173
217
1075
350
534
292
78
589
1296
1899
573
142
559
1242
472
711
1902
520
1339
120
1302
458
48
1593
551
283
116
3
1767
443
776
899
1548
406
853
1139
329
826
1494
933
1513
409
840
100
1933
778
667
373
204
1655
93
538
540
1674
392
244
584
1136
1983
1282
822
11
1660
146
143
1516
1121
697
1104
567
860
731
1466
1419
489
1277
1563
1818
1541
425
59
1964
1827
503
1672
1603
1414
412
1412
1561
1261
1941
898
1035
615
1855
1325
945
188
595
640
668
1211
1375
1476
465
1407
510
1432
908
1957
776
240
1626
507
619
1386
681
305
1022
762
878
494
849
1885
343
1661
466
276
1651
1675
471
531
847
1894
1322
675
648
794
701
1339
1155
1091
397
333
382
1411
1553
182
1906
570
61
1173
1968
1537
938
1489
1323
1131
1481
987
157
517
20
185
1383
570
90
1011
630
1161
813
893
231
433
1321
739
1534
1128
33
374
839
26
578
1998
1274
1560
1204
1224
1927
1670
1464
265
547
961
1004
821
1120
1213
259
1241
637
334
1871
1517
367
1784
646
668
1949
1563
852
86
1605
803
685
1400
803
1042
703
420
669
236
44
1726
468
565
1246
1469
1461
109
1473
936
455
1450
965
445
360
1257
529
144
54
1929
862
1257
889
1341
1556
358
124
1778
555
217
627
98
1910
1801
1130
200
630
976
374
1854
436
479
1436
958
1245
724
1567
1279
191
3
1841
755
981
1638
1939
396
1428
660
368
874
1941
1569
1438
840
815
1732
1305
52
1104
1996
389
1361
916
1066
492
620
1925
1216
1908
588
1917
1895
862
1881
188
790
567
1035
1600
909
229
747
108
1243
1306
355
1574
1575
1327
1616
679
1000
599
1851
1746
705
98
1512
280
591
1868
236
1053
281
234
461
1524
91
1146
637
435
519
1964
1129
361
1816
993
852
63
197
1092
1702
1427
269
657
862
816
218
291
20
1649
1335
490
1587
6
434
634
959
93
727
612
893
1356
1718
1390
1063
71
1680
1827
850
1224
1279
62
431
1484
1898
781
240
1084
1237
671
1844
1432
1746
1383
316
250
442
303
1153
1062
1700
465
1808
850
1544
1891
906
669
1039
1697
1182
1058
1313
1257
1238
1047
1792
1751
147
567
209
402
1997
1094
1932
717
413
316
1204
1045
133
1660
1822
763
1700
467
1851
408
325
1650
1909
1054
994
631
1604
1262
868
376
1673
910
1056
346
391
208
803
159
1817
1226
179
1802
429
225
303
1177
1718
133
1197
818
1301
1450
302
571
118
912
1742
69
270
224
1381
1795
1070
161
1752
563
1854
377
1900
217
1135
204
227
1366
644
771
1378
969
1828
1758
1241
1578
1373
1084
1130
1053
1307
849
1197
564
242
1852
149
1689
1329
1973
1333
425
1482
759
236
917
1434
1509
1484
729
1183
1174
385
451
400
1389
1088
1483
356
942
416
776
931
1004
1441
366
1261
1419
1856
505
1606
1375
1211
199
971
767
75
1975
74
1563
1189
674
196
1488
1665
1103
1499
1335
302
334
1353
217
1076
1486
254
77
869
792
1884
1758
498
753
870
1959
1107
1216
829
1375
990
1164
226
1347
893
1050
645
1328
871
466
999
471
765
991
277
1667
1344
990
357
1334
189
219
1477
1268
1384
1007
1903
1880
1059
1869
376
1121
1870
325
876
408
459
762
302
1872
968
145
589
232
668
1379
1855
1610
761
1158
129
600
421
86
221
1907
1136
1901
1300
1856
1414
1614
1746
106
914
1357
822
853
64
1784
1756
1861
234
1804
1769
618
515
485
1628
1927
184
1921
275
266
897
896
1108
1197
1688
134
1467
1166
833
968
1884
1991
1634
225
672
1352
197
1149
404
1599
258
1175
1853
188
1123
358
1947
63
1782
1274
1310
1282
1262
214
1945
223
286
466
623
1653
288
1513
550
3
854
953
849
1139
1659
952
458
950
1945
48
1965
67
1622
109
1977
1023
1034
1274
1564
1164
1474
667
1347
1632
1491
1718
801
1721
1066
1890
313
928
713
1630
1589
9
1563
353
942
1343
1510
277
1044
1941
1454
1915
1695
1376
736
42
1176
1986
1803
1946
747
1633
1172
778
1843
337
764
1807
558
1117
659
408
939
319
1337
1573
1692
1770
479
1778
1839
57
372
1010
1890
1254
992
1758
102
390
831
803
385
1998
515
591
1408
1032
1294
31
1479
483
1455
1499
757
991
718
1895
1358
782
1694
532
915
1228
444
1694
165
350
1222
668
107
1576
1453
1052
1318
62
15
170
964
1898
878
392
86
500
1175
1180
718
1507
1759
1666
1400
497
1308
578
647
827
49
1330
933
1922
155
1079
770
1308
878
1571
1414
721
1483
585
1793
1589
53
1783
198
205
1208
1789
305
1912
822
294
93
591
785
22
1222
790
1880
342
1423
787
1837
1361
1481
1913
624
301
1351
436
39
974
989
1322
1665
161
450
200
252
1726
817
815
584
251
524
306
903
1029
641
1614
940
215
1674
1327
1622
1945
1445
281
524
243
624
1227
118
532
1460
879
877
543
287
647
320
1455
1362
1386
35
1070
590
446
1754
1829
717
363
546
1501
537
1487
178
1326
1677
1863
725
1463
1536
681
1466
522
1923
600
1160
1010
1968
1271
736
1503
863
1357
474
1347
1003
1375
739
714
1076
658
328
1809
1677
771
1488
61
1006
673
1682
1087
1207
1942
1142
264
912
1390
301
704
562
1359
138
456
56
1025
1516
741
1288
1021
574
36
1155
686
227
1816
1572
250
844
771
74
1288
166
1307
1565
1722
1518
1146
769
718
398
1832
1955
1761
475
967
1487
1247
1087
1974
1781
877
1287
213
206
1195
499
1257
1510
554
853
136
1334
846
1259
1374
1354
292
278
613
1653
612
1861
1661
840
891
1010
1749
1516
1443
1427
829
1630
1995
219
1724
1290
1497
1710
932
1595
1878
1433
903
1051
1051
357
1603
129
1486
419
178
1532
1665
1414
523
727
723
317
1577
317
1596
1085
152
798
990
21
1110
1284
1465
739
703
740
1977
1814
1877
1305
165
1167
1372
258
702
249
1412
188
1032
92
1809
1937
794
283
1289
1872
253
927
1851
58
41
660
976
875
1535
778
1494
672
171
541
1929
1987
1016
1709
1120
920
898
1391
1950
1215
429
1244
1976
1602
206
109
1788
1981
520
127
899
996
888
1412
1987
565
705
1332
1292
1932
1341
1468
1990
800
992
316
351
109
598
777
1491
20
138
529
542
1668
1620
306
36
252
68
176
1329
11
836
870
873
665
538
217
1146
1870
1931
1766
1056
1260
45
1632
1628
629
1884
656
1795
1822
1000
1922
87
895
1261
699
1058
109
1130
874
236
316
749
934
425
1302
1155
1564
1168
652
1946
1914
182
697
690
615
580
99
406
586
684
1653
419
1708
255
852
918
426
1945
786
502
335
1780
1933
1055
822
1497
413
1243
1813
532
1255
957
1706
490
250
3
535
1897
948
1370
1438
43
357
364
484
1750
1923
1940
1935
1845
1330
1541
986
1182
1699
1746
1060
1006
1749
52
1719
1475
1468
94
249
1161
875
1624
975
1330
419
1551
1396
1822
591
1363
1162
341
1304
1240
990
1973
601
168
1564
726
1263
375
1489
1931
873
1391
350
1297
1894
51
1959
1440
1336
1753
1830
1695
567
1282
1958
28
824
510
965
859
1002
1293
664
1604
1272
866
1122
1757
1087
57
1261
1313
1160
1634
1084
359
1946
1084
570
634
213
1155
1307
869
260
460
1933
736
1338
1459
1428
1197
1840
137
1346
78
1827
679
1023
684
445
1471
842
256
1799
1718
1613
86
1852
1013
1123
112
1896
1157
1926
1793
1178
545
1441
81
227
427
400
309
1450
1371
735
794
564
1217
943
979
1422
857
11
1927
1790
1140
1943
964
652
1218
1975
1307
590
1648
520
468
1814
558
1917
261
1398
194
41
215
277
159
1842
1216
1593
649
872
1176
918
19
1856
1555
1946
1963
388
543
197
644
794
1713
309
1080
234
1960
1473
1085
107
1535
569
103
824
1995
1581
1225
994
870
836
1709
1110
870
645
322
781
431
892
809
1580
1434
1152
1797
562
888
884
466
524
396
273
271
71
226
1274
58
1535
1792
1432
857
1826
1345
28
1691
271
720
1125
695
502
1909
1066
864
460
1313
994
746
1571
451
1955
1383
1162
965
1144
1828
1181
721
856
526
1273
811
713
905
1289
291
716
454
1281
447
1696
1628
46
1406
719
1877
283
915
13
1121
1428
83
976
1971
230
1921
1828
1025
119
1465
471
537
1447
1320
1120
781
1645
1422
261
417
1380
836
507
1174
1754
401
1914
160
614
39
1311
118
1052
1531
1212
932
123
579
880
699
884
971
1090
1684
1781
651
1162
1462
468
513
1834
565
119
1731
519
949
1277
435
527
585
1335
1549
802
492
672
600
1743
1528
1548
1315
1669
1246
783
1810
1493
121
310
1196
159
1484
647
1403
420
442
1360
43
1505
132
1583
1113
