1705
1241
1967
340
918
1037
1272
1331
257
973
925
37
989
689
666
258
1658
1706
1486
1360
133
1518
594
1645
742
447
108
506
1050
1557
556
186
1842
953
1240
940
880
767
519
427
1985
150
87
1126
24
578
299
616
1340
792
610
499
216
1674
192
808
909
379
787
1694
1839
35
861
1212
1476
319
1121
1021
501
1225
463
797
1799
1341
399
1194
848
932
1039
141
59
1163
695
306
1643
1756
141
532
553
403
1634
1056
78
247
1716
1324
1639
742
1895
223
1352
198
241
1531
933
1342
1973
398
1485
180
103
1686
1752
1506
182
1956
1390
1333
234
1938
814
1595
1917
1282
197
1404
1994
406
1175
191
160
1254
1818
1037
301
1779
434
1510
1237
1960
771
313
16
167
171
1068
1827
1684
1248
1536
1577
207
645
1594
1221
126
1437
276
1878
407
741
1194
826
1880
1093
653
406
755
1162
1766
928
164
354
883
621
565
877
1661
696
791
1818
1060
589
583
813
602
1439
401
1855
1198
866
1336
806
845
1117
933
1186
1523
1632
1734
1790
592
99
355
698
1007
1069
1920
1246
1658
168
1639
514
159
1000
375
1897
1383
779
1986
318
68
1766
1267
1652
798
569
306
918
1683
364
55
802
1035
114
943
1075
1362
1826
1335
467
1996
1936
1651
1565
655
1854
951
287
1264
1761
1819
506
344
700
335
1373
1270
1029
954
1923
734
304
1118
497
701
647
1398
1572
190
670
1979
1540
172
3
1314
9
1927
1507
1743
188
134
1218
1905
911
1049
1102
737
1876
1041
658
895
645
1838
462
388
983
1762
1689
255
1087
1293
692
1080
1278
249
687
178
1699
919
1627
247
1615
445
295
1307
840
766
1718
734
880
1453
1930
1210
343
1720
1164
1390
183
950
1540
1109
1333
37
293
1928
306
848
618
854
1299
138
1195
19
397
1210
449
152
409
1645
608
648
1916
412
1629
41
1088
668
47
1713
1832
1562
815
619
833
1351
1189
1879
1062
1158
736
1018
285
1653
505
679
175
6
1450
1632
549
1392
1143
865
330
384
855
596
1764
533
61
1006
1477
1453
439
507
924
1725
409
349
1797
925
296
1405
949
1095
1163
1910
402
973
1382
1998
1003
1281
8
1832
1278
399
1017
1140
66
726
1468
985
478
1046
1651
1555
1754
1213
292
817
574
461
866
1815
391
1658
87
1455
346
812
638
566
325
146
1198
60
1728
50
1839
1006
502
223
1842
1424
8
1323
3
1611
286
1430
492
823
1269
640
325
1110
526
98
1508
1122
1083
788
1926
1712
1883
385
23
122
463
1491
1357
586
393
1561
71
161
1051
1829
1358
1583
291
1554
1973
1973
1568
898
864
1214
82
735
970
781
1507
726
267
877
1859
1955
1105
652
78
1440
1918
1336
1873
841
354
1099
406
672
1892
1442
359
327
1014
1933
974
1232
988
1113
598
1448
1328
363
319
1017
992
563
1243
380
377
348
977
1176
184
1773
1888
1725
205
200
680
523
95
221
1886
51
1204
432
798
205
1514
859
425
1684
752
1864
36
612
1748
336
1841
744
1087
1972
1382
541
1128
1479
194
1438
446
1490
298
615
767
18
1086
591
1448
1261
166
940
1571
1561
729
446
721
1340
988
1024
491
821
272
1694
1792
345
1324
1941
34
1096
1365
767
1216
1057
1493
742
1023
1990
980
1378
1959
274
17
1122
601
1394
1487
306
30
911
1314
332
1491
1711
1965
1439
366
353
647
343
502
330
782
64
1965
1053
314
1264
289
360
1407
1400
266
1388
1101
1001
359
1596
1487
1393
784
760
969
1173
1331
1756
1163
1752
1992
943
1007
1276
441
1950
641
1240
1454
1690
620
1100
302
410
1015
1211
1209
582
1980
1387
911
465
333
1401
401
1130
1719
749
906
772
921
1966
1166
1126
1874
833
76
1784
1952
1771
1758
1245
83
1733
1116
486
1265
928
941
1897
1030
1654
637
1364
438
1588
1614
329
1142
825
1424
1636
1106
979
1697
1974
530
1669
1941
728
534
693
265
56
188
1209
1093
1998
431
227
928
1438
440
1737
229
716
1030
772
465
727
629
1728
404
289
400
1251
708
623
68
1001
885
736
1020
608
1674
523
234
135
910
1417
1600
351
1946
1370
209
136
691
9
148
1334
310
755
1385
346
1679
1732
294
802
632
271
1397
608
69
826
858
1678
1997
1111
1328
1683
1555
276
671
102
88
1923
152
1912
1340
1792
645
1218
1818
909
424
131
1395
31
1094
1218
1216
177
1234
833
966
1079
305
1628
560
345
395
1584
330
1172
355
1845
754
1389
1892
688
1805
1676
184
1930
969
1745
576
1097
8
313
1918
1646
1519
1665
112
580
1360
638
431
1745
1998
814
168
135
848
1762
175
1510
661
120
868
649
28
336
1244
540
1057
1884
482
1821
288
768
695
795
1912
120
374
1318
1351
1708
1121
880
263
1167
1195
192
1036
770
469
586
1837
535
331
546
265
1509
1113
1679
689
6
596
1443
1319
648
168
938
80
989
179
1076
1349
1558
1069
1446
615
120
1837
1178
1133
1977
386
128
1621
1112
1344
1688
1080
1993
1893
1540
1781
858
1183
1663
494
269
1893
1907
1019
1783
1494
445
78
518
1785
1416
1631
447
265
1074
1689
231
1886
750
667
391
782
1949
1355
1652
499
1879
1567
1245
323
746
1523
1008
237
1102
1039
75
101
582
572
1981
1589
330
1197
987
463
426
1570
1439
1744
631
940
979
1333
1765
281
1409
659
17
588
38
1905
1519
424
1304
380
1480
1760
1499
1596
1202
180
403
1614
1286
512
641
231
341
1950
574
1546
1512
1718
1540
1497
135
1362
1251
911
833
701
169
1635
1370
1530
661
316
1564
117
1754
1384
587
563
1302
1807
948
90
372
1177
491
318
1669
1691
696
1591
803
1588
619
415
227
608
772
1074
632
1028
252
1487
1643
848
1439
357
600
684
1578
1693
1259
924
1541
1754
1207
723
1108
477
1820
1390
1048
462
1562
1732
1342
1569
449
1914
1841
189
485
1412
678
1251
1877
1596
751
38
1859
529
1579
1857
1916
538
853
642
233
106
988
539
1185
668
998
1546
668
1865
989
1267
1092
1807
1607
1838
846
1929
1726
93
54
988
710
32
1417
1763
559
1653
1978
1032
232
1204
601
371
1488
931
986
361
535
1372
1040
1739
810
263
392
75
1203
1128
900
1533
1033
1595
1926
268
88
524
1222
1043
1047
1991
1215
1601
593
1202
1525
379
529
392
1508
117
1212
1779
1655
916
614
1624
1648
1322
1322
477
1888
989
803
1652
308
1491
1220
1009
1283
837
136
94
457
253
410
1710
281
803
594
1973
95
399
147
1920
1556
773
775
729
1223
960
221
1616
1120
876
1800
473
1077
1525
1
297
1674
1428
1479
1498
1596
1810
1720
1116
206
126
728
1038
1156
480
16
261
1846
496
230
1269
541
1219
1718
1589
1965
1585
1349
576
1174
49
1893
510
530
909
1295
52
1589
1904
125
1120
703
647
539
1263
163
446
1060
579
1692
1087
477
1251
88
1136
1196
751
1854
1320
1340
794
600
1557
1916
1082
48
1188
363
1915
453
983
785
733
1234
476
198
636
1650
1197
1083
1965
322
1359
1577
989
1414
565
1596
771
283
97
224
273
421
1354
656
758
490
1984
26
1561
1269
303
428
280
1325
1534
437
1459
1212
443
1451
822
1030
1936
153
1114
1131
169
1427
630
808
1745
1017
470
764
1556
259
1599
176
827
187
1776
180
1935
1339
1399
564
1556
552
347
1508
709
1091
864
1167
1257
1392
568
913
1426
757
622
1050
1905
1294
1154
819
1095
434
975
1494
1064
1316
1657
392
764
1370
1040
603
91
401
224
260
1332
495
1121
152
1573
1042
605
1496
625
1216
352
690
29
1195
409
839
1714
454
1572
890
1850
441
616
172
484
1932
1463
1155
497
404
331
251
460
1715
1932
1462
947
1415
792
681
869
0
738
1472
1385
1421
630
138
1966
1153
1385
875
155
1154
376
851
1605
1
246
1995
1948
1544
217
1328
1054
368
949
640
1253
1383
1007
1328
71
1864
13
1205
1051
1236
523
1094
1221
929
1723
22
760
1611
971
823
1446
115
273
962
1427
1367
1747
398
889
1631
1139
1289
180
383
1445
1363
959
1128
1718
1757
1919
468
1110
1146
1657
1740
1209
965
259
528
751
1542
141
373
1746
1958
1733
1980
1098
1434
550
245
779
1076
1229
413
607
1772
1073
1672
711
1061
690
1505
1721
799
269
1108
1776
403
1060
1186
376
1528
637
439
175
944
1475
54
758
1469
1438
514
1459
1730
1712
34
1313
604
765
940
1159
1112
1883
1299
4
1615
860
119
671
1096
1382
1427
819
360
690
1537
387
1948
1076
821
1527
599
1763
303
83
1043
755
371
690
971
1198
1939
544
1966
1826
1364
1914
223
49
1419
452
1867
1256
1655
1365
681
873
455
519
1058
770
78
521
1982
549
1041
865
868
1296
1108
181
1048
351
1238
1659
1744
658
1777
1723
312
1266
1217
992
1600
526
839
1614
198
568
1542
19
424
605
182
1165
1841
1632
1717
1334
1122
85
494
1539
71
1012
968
610
626
335
1177
12
636
754
1285
1475
1244
850
506
1475
1677
1971
713
1650
259
440
53
1198
1458
1663
886
330
1783
1685
1341
833
340
784
822
815
859
623
765
1677
1009
1567
959
397
1809
1696
751
1172
951
91
1441
1487
841
1949
1175
671
1180
101
663
5
895
473
1022
442
1216
81
58
1006
749
1099
306
1924
308
1573
1134
1567
368
346
227
1240
911
747
764
917
506
616
1592
1949
416
1221
727
1825
559
635
1473
1057
1125
131
1494
1225
665
1155
127
275
473
1454
271
106
55
1896
153
528
1514
575
1283
640
1656
1738
1913
1706
1637
109
317
568
944
173
1193
1682
1551
972
1511
830
1040
1995
1116
562
507
700
391
450
69
1250
307
195
1777
1018
1159
668
755
425
1308
933
376
665
238
324
277
899
1242
1635
1046
1458
54
488
369
635
725
929
475
1618
1078
344
1670
1129
1032
1716
1781
337
119
326
328
1599
1510
930
1230
1599
855
496
851
438
1244
546
1220
1252
628
179
1208
1903
969
1835
1505
1325
1481
848
180
64
1233
876
669
1601
1449
251
964
1996
815
1312
1857
436
96
1799
1020
230
1386
355
748
831
302
1199
178
441
424
49
1785
1751
308
332
986
399
377
1773
646
693
0
392
1313
163
80
3
978
1512
1451
262
1199
1523
415
1317
1367
1486
1708
152
1960
702
229
653
569
1639
1831
482
1534
292
494
818
982
310
185
12
89
459
726
1244
378
1976
1975
1223
1869
1382
1643
0
1877
1318
1040
958
1299
951
86
1043
171
544
1885
294
1335
1711
176
733
6
1960
1978
1685
67
1057
735
1586
903
1789
283
1337
1569
